% 2 dimensions
% 1000 points
% 18 clusters/centroids
% 99.603807 within-cluster sum of squares
0 0.5650544553034341 0.7426969780365377
1 0.6871937349392252 0.33867895690933225
2 0.35078155543413037 0.2994121304754845
3 0.5332566775943571 0.5058225591248818
4 0.2616914169374237 0.5715979783109922
5 0.5153814357217171 0.471911139525839
6 0.457744484877149 0.5112549517813975
7 0.591414540096167 0.2788714785029454
8 0.4909103578722044 0.2528227362169592
9 0.7475372122322442 0.4335292163540375
10 0.48137185132086374 0.4729383379482447
11 0.49968777241113954 0.5002307217765717
12 0.43993394582418066 0.7358755005436852
13 0.7337598073813664 0.5604973268737197
14 0.49924826137152517 0.5293416669201426
15 0.6756412825352199 0.6702830025806511
16 0.27020600877128415 0.4344769681787637
17 0.33715058779658746 0.6753635784192904
9 0.7878063164794096 0.5764859317353381
5 0.26082827617478765 0.6251997050079581
14 0.4700475733155528 0.35536974308959246
14 0.7010537798037608 0.3747661446527319
7 0.6395460696622148 0.4674495108508685
7 0.7260250329844831 0.7340802701530622
3 0.1937789000359979 0.4965353553826457
11 0.24833796594550495 0.4242573391002423
11 0.191606215585643 0.3888171500925578
5 0.47708766073297454 0.6208667261861496
9 0.3833835673226478 0.7584141491637324
11 0.34079702578359417 0.2980537220495055
0 0.43795655729034483 0.5803223786690301
5 0.4803364423498625 0.3616754793773853
11 0.2718596685274994 0.793792206039027
0 0.7780020285571145 0.42791620273556374
17 0.5918989526510928 0.7187172407474098
7 0.4671773592963594 0.774708250802383
16 0.5274957769911318 0.5053691714007607
0 0.7021501069787881 0.48488727707592044
15 0.6045850103365498 0.6061652110525316
2 0.7851941422683824 0.4285815113408853
0 0.6062860974940841 0.6219591842865111
15 0.686150696998852 0.22051292748145904
0 0.3803893671952803 0.5024606921422232
15 0.5704326641500097 0.5208098494040099
7 0.7039951789623424 0.230525653040286
10 0.5748869052108095 0.621024405403852
9 0.4189963252189556 0.6554108923523049
13 0.405369732758655 0.2710001110453213
11 0.7656663977071516 0.6790277509472837
16 0.7038647692919646 0.48745184348248616
1 0.7414129644644745 0.39864455821815914
10 0.4924788976956962 0.18929258393815107
11 0.2790559875716376 0.6541975283709056
4 0.6896572174651978 0.6681529859192712
16 0.6686487710360521 0.6088149369320068
2 0.34676706534240587 0.7541810184525191
6 0.26299011833509073 0.6504597597464054
12 0.6377747469467803 0.29966484187714537
11 0.323779667298001 0.4382837825887968
11 0.6078606231429549 0.49541043749666813
13 0.37153644733494395 0.6561983710129111
11 0.5060258137814079 0.21610617877669996
13 0.5602446072839072 0.26454458094676014
11 0.31703735525010507 0.24841101723367376
2 0.24326670994713187 0.4723474673763918
3 0.30788067212593745 0.8167837159801106
15 0.6434370913224858 0.7945572121001638
0 0.4479109501838364 0.2994703119133387
2 0.7950818476468906 0.5062911832298134
13 0.28994435828613496 0.7509954389717899
1 0.5765673287017814 0.8120744005862668
13 0.5528101625301464 0.7737902461944559
9 0.6969744443402224 0.3950997597572914
8 0.37200986386569435 0.3342374485196585
4 0.29704148249395856 0.7826292781961364
11 0.23975295900117524 0.786865110653503
11 0.7074135026055277 0.7984338245030069
14 0.7623775983264582 0.7341410426746338
5 0.47321515823097143 0.7874838093284382
10 0.6777988246577971 0.5178660339990894
11 0.30013593311864767 0.8255695288625486
12 0.25833189073534424 0.5585445245436609
10 0.5238104850773024 0.3271789615135491
3 0.2480036735844435 0.74755323331793
1 0.18822306094637728 0.6745081040576544
11 0.6278146578262722 0.7682968047486081
3 0.7509720766779866 0.5269372378953812
14 0.22274798899846407 0.43371342318060824
16 0.4246763578338816 0.3177640150190212
11 0.3067475831196932 0.3148704626143297
2 0.1957459342884099 0.3119478790129697
0 0.697760777726989 0.23148104360915678
5 0.5845541218078506 0.22710728690892892
14 0.31840694427884003 0.27078557443417295
1 0.5029996963079664 0.44962286478086005
11 0.4984916913311865 0.47058972363932117
11 0.661086724903232 0.5133723491489354
16 0.40087308524109566 0.4827804688186453
11 0.30375142003186617 0.18144928912408168
11 0.7352166325632639 0.5189980558388771
7 0.22762863744301368 0.23597724939821738
11 0.5306796428173827 0.3222693401724371
5 0.5900535004616156 0.6674979801039627
10 0.7213058673153041 0.7578298955989939
12 0.3637568362251008 0.7556134805230157
6 0.33904867236237457 0.27591695911628555
2 0.34196926015438006 0.29218578678961904
4 0.4394041916178437 0.7322360087455906
11 0.6489443648325046 0.21602659746333944
17 0.8032466976222319 0.6302032417703158
11 0.720670809075596 0.29198237025001006
9 0.4310699589017066 0.24463516500162
11 0.3530855749039086 0.3048445066033393
11 0.40071638597943826 0.18626915801246546
2 0.4832383561327401 0.2121413373635237
7 0.6366455755728978 0.5406296809706964
2 0.7582694097299416 0.31842327191238307
10 0.2966471117234966 0.7120942938207393
11 0.6244583855967438 0.6752314552995908
2 0.4839588642296072 0.2931026043658743
15 0.760863836505643 0.6585818759597681
13 0.5645109446522454 0.18402736133770647
3 0.5924697955410487 0.465895508679676
11 0.20897188177269369 0.8112885324495756
16 0.28598326059509194 0.23937354698588129
13 0.46657160946400456 0.4089902942471486
11 0.6875126257935121 0.5250381762914802
2 0.45854735394536256 0.5116016780161736
15 0.267359638066342 0.47858762437303193
13 0.5391818259394059 0.670369537871359
3 0.7089074172092289 0.2280119351130176
9 0.46718015887778347 0.5743605688934118
6 0.4492494019889482 0.6781009367622212
14 0.677276084323811 0.7071138037690043
13 0.5063163168671131 0.8218040569158898
12 0.19360544777704394 0.19333498406734256
16 0.7436102860533738 0.4015176431347532
8 0.2986155084957465 0.6416624152390729
1 0.2186928420691276 0.41787883883711346
3 0.22577629325811904 0.40850972872552344
13 0.2983637810612598 0.49862087683216066
17 0.6480837834721347 0.6300098431611958
6 0.6085417291073065 0.3052525233136244
14 0.2091554215623672 0.4705086378899817
2 0.3187083279874233 0.45663495138998605
7 0.1947642342510652 0.5624248219681602
1 0.34870243402465556 0.7869940794836305
6 0.41240422456716036 0.1855557700885339
11 0.7837940651590811 0.3523751095860045
10 0.7797727897615954 0.3063281413649435
11 0.23994343012689412 0.763211330302586
14 0.7020591853648634 0.3387078147527892
7 0.4967669269553878 0.19570894158583382
3 0.33975034413574173 0.4938756256469024
7 0.4109903800450897 0.45187222710757474
0 0.6140858068855081 0.6274544734117223
4 0.7986208730676763 0.700775217035944
8 0.6695798765117633 0.7600625464081834
11 0.7880066692794143 0.28236416510710877
10 0.6597917774495585 0.5682579930364489
16 0.46395431355609856 0.5571855956528704
3 0.8008017849099842 0.3234707106327084
14 0.4558150610122712 0.2427156482314696
0 0.21824845016117553 0.5263269426390242
13 0.32420742585669005 0.43111632874701694
5 0.4457882178202698 0.7492189039106123
7 0.3319869909766228 0.21273108528108758
14 0.48844364941857155 0.18190480660822142
1 0.5055092130625592 0.6192242090450392
1 0.44690082722508495 0.46557102394114963
12 0.7625832429543256 0.674388247094811
14 0.7524980046596679 0.38460227347614917
16 0.49096978464936986 0.30349248429505915
5 0.29093147166323147 0.758032653963602
14 0.6217907963927101 0.7460613071375846
11 0.4366731198602528 0.8194796171975263
16 0.6398354712520469 0.6506081611472656
15 0.3130378526502223 0.7514397580525864
13 0.32982977251037005 0.42926656310438377
12 0.4699333479287858 0.41432280914094843
1 0.24551613072164716 0.47164942075202737
8 0.3147322692638552 0.7778984865526604
15 0.2435487231975318 0.42880571782242627
4 0.6815005138118959 0.4091672966048232
5 0.33556746061044834 0.7024654054040438
8 0.6764797938460112 0.4423139789122719
11 0.23012506680229367 0.24154284776332013
11 0.6300653804278202 0.3929598235039576
15 0.4297460005987681 0.227065710656866
3 0.4680442838066605 0.6782467077228341
5 0.2140299000693336 0.5875836956724504
11 0.2973639786803358 0.5932491796978278
11 0.23780019222067372 0.28231676689189
11 0.7982568603889415 0.3434651088997786
11 0.4068574907672986 0.7739726311432289
10 0.32050388101499383 0.39782460010170806
15 0.7615445920126362 0.2922342061327919
8 0.18906627869870116 0.23362132879666542
0 0.7014475405181257 0.6503640374787035
11 0.3568664168336892 0.20073186677246999
1 0.6550540766612274 0.7403100964213318
3 0.4036738457585931 0.8257874897768027
2 0.7184810009663731 0.6805280580553572
14 0.5043996438716029 0.7892167122164608
11 0.522663209802943 0.8177388891146362
3 0.5604089176095275 0.43681809288046647
8 0.29570847013523666 0.33597013077785065
5 0.3576231466481603 0.5186214542518641
4 0.20301736805065893 0.2625195063991055
4 0.7407281108214308 0.6444893768792958
11 0.3643363269478378 0.3964747221993399
9 0.3134281707263966 0.46439471537275145
11 0.7926672018225562 0.6246454388475084
0 0.6412728820824882 0.5565647298097889
11 0.6066870474690975 0.5626184554283369
1 0.6331876659605653 0.5217431676516512
7 0.47095797415422486 0.703636410480756
14 0.5854668898856086 0.7925178536870097
12 0.323012768064378 0.2468647123628072
5 0.7141417691929448 0.22777344311314152
0 0.5106728818125563 0.6259500088968686
15 0.6327157810788915 0.3929207207142662
5 0.4452346150340713 0.7936889397994771
8 0.5599273908153818 0.6414900138412374
15 0.3480536183655527 0.5072929143316215
11 0.4697235175786985 0.6758235782449662
11 0.46750950117056606 0.37079360369695025
10 0.41986330761720214 0.5202841525744406
5 0.257775317005533 0.6700221687499149
11 0.4529551571295323 0.23304914033280333
11 0.2719117364144744 0.3180748948838553
17 0.2781282221753404 0.4047766216261198
14 0.6946275911236464 0.7696635310503328
4 0.6208683732785064 0.62724595140503
1 0.3104001053122541 0.831563111829289
3 0.41087282464058994 0.35330151643255414
15 0.48472716138349714 0.5631061520754987
6 0.20606165272657598 0.7891618768861255
4 0.5506921500711521 0.5313676455044737
14 0.6788983347660027 0.7002623835743766
4 0.5256898021358474 0.65041553045156
10 0.33185334056055993 0.6538978349711394
1 0.6004194843724754 0.28289122472201006
6 0.70013594248776 0.3808826334858773
11 0.6682230122641373 0.38130586608237704
11 0.38292452429865687 0.18489347496937855
11 0.49099258629174136 0.7205284461770467
1 0.7306777963969977 0.5667229785973185
13 0.45207180368092603 0.7113915975258012
2 0.3052056460453042 0.3076245013143529
8 0.5220439498805154 0.6885175938745292
5 0.7676266044873317 0.6571401840996263
13 0.32198267267184244 0.39802502503925263
10 0.2508334277653294 0.7029977094196911
15 0.5740712513977079 0.7168844962798286
11 0.48109495671661673 0.5645211325178643
12 0.721178659466098 0.8181871693880258
1 0.2526920685606 0.6564515933926093
2 0.6861924070772358 0.8187072441482606
17 0.26720160873967613 0.5760976869745786
8 0.3189774735122676 0.30089128776094953
11 0.297568747445149 0.19455036761253408
1 0.5280536446125288 0.3123285809177173
15 0.7809664421417999 0.6692257982519273
0 0.3407118054790987 0.7539139299119217
10 0.7038572063290931 0.20773119886116767
5 0.4889958661030155 0.36375233684387254
12 0.31475790286789385 0.6680550570147343
6 0.5112946823415188 0.6319085124270456
13 0.39425893130183454 0.42085088982688906
2 0.46986477188085884 0.32829673732014863
11 0.6566339646027413 0.1847274594837697
4 0.681405568934822 0.6114042217768427
5 0.687694449183015 0.7555963415470897
2 0.6442257861361531 0.6476918623690298
1 0.7267056631635314 0.7109465708652445
8 0.7484566731022404 0.25737657718038726
2 0.7778217553252351 0.708773478475273
5 0.5831002831013352 0.4479494109273008
11 0.666379232693209 0.6537646184968708
11 0.2833378114709463 0.6378851780141088
3 0.24065315029696982 0.660680856362577
11 0.7012531621741622 0.31239041680457413
6 0.3095731792350351 0.3501526757119632
11 0.6632273556865418 0.624642432551818
13 0.6045595063777109 0.7154976973020901
5 0.2580300716448386 0.6569605251800906
4 0.20040192598806253 0.35685388107751315
13 0.31587727392953413 0.2061505882476442
10 0.6401656450981198 0.6619207038971552
7 0.5017417109349361 0.6407006316620606
11 0.5094752819711381 0.5969069802301059
10 0.3860240460191202 0.18112902601064804
15 0.5582627728004801 0.2416676255990519
11 0.7072392909653138 0.7513966007294408
6 0.7648757441637686 0.28389391239869205
14 0.6237428210863524 0.8018052297686726
2 0.20257571583868267 0.3803370386319816
1 0.3266457156645204 0.634438497189447
7 0.3809298983435359 0.6637809908448198
3 0.6442790226884059 0.7957418041270141
5 0.5596188882441093 0.3306110760001728
14 0.25131646449341477 0.19448745702491993
15 0.7397182908484632 0.3902863622427967
5 0.2520761880593668 0.31368788578976203
8 0.7732953710453017 0.18352478403338898
13 0.6597057282898144 0.4275556237017859
5 0.4726985730757097 0.24236715434932696
11 0.7030949241445035 0.4308933688082496
11 0.29520425862928057 0.7640441360019141
13 0.48972670713656447 0.6040897183720673
7 0.442675172839997 0.8062978722645202
11 0.2894105261501338 0.46757246492301074
3 0.5194285559985936 0.26155560448797016
11 0.6412490684914635 0.3216140998289236
7 0.5028246400176613 0.37775586058285726
11 0.6305483169231723 0.4246788694679138
10 0.4049423363390479 0.7996656029446316
2 0.20203358318653838 0.7657227577069838
11 0.5195048645826679 0.5023151894011014
11 0.6927932847097846 0.3475016757755695
15 0.5019345572212397 0.49998351249094114
15 0.46072426548122647 0.3331387361081938
12 0.39353454119664955 0.6580049887848156
14 0.7868247605235681 0.3275560701409458
17 0.31452219482642285 0.2168964316267698
7 0.7517683185365396 0.7957302143502814
14 0.7610808466586199 0.25539804259846477
11 0.665729414647678 0.4526257901692122
6 0.6375700115568991 0.823981301147584
8 0.5871532373577183 0.578818338712203
11 0.6524973939422554 0.21594955578546415
3 0.6983036232403461 0.8297433247325359
11 0.43105669431988247 0.34479256919112333
14 0.4555723371318634 0.7858436336393471
7 0.27360457556753726 0.4639520159374838
16 0.42782664848302865 0.6649931158540614
11 0.7958982821231728 0.3837496363255599
11 0.6160815578297116 0.21675438320448967
2 0.5567871901271799 0.26155010793783773
11 0.7126351494333316 0.7625551035856222
16 0.36623895923660543 0.18255677744366183
11 0.45498711492643334 0.7745524873043002
14 0.545584891552316 0.6559260073259474
2 0.36263797573964673 0.27758304588636745
11 0.5480119902911461 0.47077352888309537
1 0.5116069392744591 0.4852751371871017
2 0.6229015071386588 0.6474321917687774
8 0.5689180585148074 0.23462558858566318
14 0.2878137220639418 0.32554303568009
16 0.7884420550998996 0.41542246721370507
16 0.605993651071842 0.3645625793925749
11 0.3222816818747856 0.4085534946105406
15 0.3455490718825068 0.4078618506115932
16 0.22998137296285812 0.43030780990740086
2 0.4096336869342978 0.5727375323977303
14 0.7488693401689375 0.4498427933252809
0 0.7683963638016502 0.6799733809287186
8 0.556341829851362 0.6241635077324379
2 0.6363485797062719 0.3937862779275021
4 0.6324946311070307 0.6524114061987881
5 0.7339597650919762 0.42975064901094484
3 0.5033667701908506 0.6419756065112959
10 0.6070015544312397 0.4915423691949544
17 0.7430946548960498 0.5329650376983981
8 0.20544592807498221 0.7676011674949221
12 0.6355980052536763 0.35904305438796225
3 0.761283876055576 0.23559861331568233
3 0.7846139027424575 0.725170876118759
13 0.5262178665869524 0.7972059633949418
16 0.7702396647606524 0.3316962056977255
11 0.45802954877432045 0.3362682573982647
4 0.7158132470993732 0.8160970095304918
2 0.6179827455591351 0.33851947514430714
11 0.6078632649383103 0.5955953389314521
13 0.26603811725546544 0.44071396857512307
0 0.44545405211648503 0.2580940729252372
16 0.4203304942345489 0.7303142253031334
11 0.7357987460158262 0.46267541899967096
11 0.7015120817636253 0.24954647983831496
10 0.7021456509942761 0.5250751194646885
15 0.51760100443355 0.6180861844234317
11 0.7070589796621372 0.8269027326718408
11 0.6369020402011545 0.48925891966669266
16 0.6239618522616899 0.3257031696434892
16 0.6375938083450334 0.7466483941984636
5 0.3139459018287122 0.22090198202506192
3 0.6127056029331548 0.23884808294319007
11 0.734006781832268 0.6228258442941672
4 0.4784617956854006 0.6464479034071182
14 0.4504547513569157 0.8023433443259711
3 0.38411149967393243 0.3108258449601063
14 0.3636813463941154 0.5146022085972468
5 0.2998733600825666 0.2550186892688513
5 0.7294209649140122 0.19148105977220156
14 0.5650019929988501 0.3837376735403816
16 0.35094876887845816 0.4006900739702105
14 0.7212797085327136 0.7716133408087023
3 0.4366543449288466 0.6594001663574365
10 0.47978562517367784 0.5643064143018683
16 0.38408174092727 0.33434291071074007
11 0.7070272293347883 0.509928740675603
13 0.2967361356391608 0.8312986846426798
3 0.541917484076007 0.6178361586624009
0 0.2745336867126407 0.5306071525082048
5 0.2819684371335913 0.5831823186543761
3 0.20967120462325695 0.4264469567569118
8 0.34338551283264124 0.6995898873089155
11 0.39530870637819127 0.7327034453167147
2 0.47395696800816195 0.21384340202337263
14 0.6211986503957002 0.4756486648584152
17 0.4652891300159101 0.4114638982813126
8 0.3803445755449236 0.5172079498522595
4 0.5435259691924521 0.7399078319930636
11 0.5248351011708601 0.5263687984878078
11 0.7374442549768823 0.3426441143166148
0 0.2744869464505162 0.8258052554659052
16 0.7424243578717629 0.39182162261098735
17 0.6846477758666214 0.3761697060226359
11 0.7960229532777456 0.6367659690823865
3 0.45098862095987086 0.6549379920502816
1 0.4731819181062995 0.5418001913248114
2 0.44586373087850695 0.3472727569247581
3 0.2981291047223774 0.4182912832960237
17 0.47260696659704726 0.6001322848141235
10 0.4001091077040188 0.6100743045963203
11 0.7358178153525385 0.7974821802542134
0 0.6288134461493188 0.7699148626788825
3 0.3140501306195326 0.34091942312526624
4 0.5450205407693707 0.6999508980869247
14 0.6961521736107392 0.42180649956945737
11 0.21099960163851295 0.424990320049352
4 0.7258023191718939 0.7852181870396526
17 0.7569699658694298 0.5552276767551095
0 0.24003840167709092 0.233475458417187
11 0.38165097187617986 0.23162517332124338
14 0.2911866075736375 0.24089962881501817
10 0.22025290305419848 0.5470120236982352
7 0.6063029645241691 0.7177369992980736
0 0.6692107639035226 0.6628601858661254
14 0.46706030410247734 0.22297323058402277
15 0.22884682740366993 0.7808310309690158
4 0.6938623728785938 0.6769904336915284
11 0.7443758231125825 0.28029190068299353
4 0.41471207419571987 0.8109388571581897
9 0.40819080548642905 0.44539523422870825
3 0.6984115887705733 0.5813074768661122
5 0.5372140238755522 0.6137098770311102
3 0.6296347369036045 0.18682841304943976
3 0.33075321466053054 0.3393071524768523
1 0.6466440591572061 0.3625137846057288
4 0.6648594623006646 0.2642915247294133
9 0.5727859286484962 0.7605247440381728
12 0.7197945444221228 0.5919562845148757
5 0.7189794652765247 0.6593438971606236
11 0.5286868720154931 0.3184794821964968
5 0.3588066375924772 0.3300297424155574
9 0.44248504623936474 0.7525233273813072
14 0.526743563479121 0.38558680722581884
6 0.2387047189032354 0.2943963796023464
3 0.6570137029976233 0.34668839610686053
15 0.4669977547936471 0.45679610169512586
15 0.22127088235101236 0.6066501567763973
14 0.32802564678516066 0.5144610416383447
1 0.6725078797431586 0.2798631778966515
16 0.7966083451372694 0.3483723229817264
1 0.2921437881484009 0.7510558264026523
5 0.7841862748392658 0.2311814157458513
14 0.4037286752295439 0.6978878840529037
6 0.629229187054893 0.4860368764095699
7 0.7709204934637253 0.7279827912271981
11 0.4609918035314573 0.5543842254534395
10 0.5604434952007021 0.6843491154333319
11 0.4133862326686524 0.8034632407133417
1 0.7110704207453322 0.5188880364816846
11 0.5587753989218374 0.5289414282808769
13 0.47261001553834986 0.7975170301500252
11 0.30377703266114037 0.5270551225151512
15 0.20412549798678498 0.7092007194882886
11 0.5787703829663283 0.30082813028195204
14 0.6495392920486776 0.7776615564196538
11 0.7882356055691695 0.7921061660235291
15 0.5543360267622853 0.4176944892364936
11 0.6276135016046046 0.6984872333517422
8 0.7491325212754589 0.276330910993868
11 0.29797304322154794 0.517689657032925
3 0.24087230919503222 0.3271649308747717
17 0.6387951385144257 0.4544410485447371
13 0.5428126136425101 0.6135630988474601
2 0.20388708711474085 0.5375199659734492
1 0.5049989039794118 0.4286124862862323
15 0.19894691364111877 0.278395551728273
11 0.5018152300813457 0.516439924669672
1 0.5877571026977024 0.5056797457901981
10 0.5935870144323758 0.5085293559961148
3 0.35137273858027307 0.3380535866957617
0 0.6372570225636389 0.46950791098102806
3 0.58715994761942 0.6407100497294119
10 0.5098966034793744 0.4888385248935611
13 0.2591234257108464 0.6848542688512842
2 0.7030001337608176 0.48118473767761705
3 0.5958254343079998 0.32430500125935713
11 0.25619734345162337 0.49979231669255764
11 0.28814904106703076 0.6340326517910986
9 0.7024616059811195 0.35515753924644705
8 0.6682040571734014 0.7285335676400118
14 0.761182741261188 0.7291236461637252
16 0.3793240234272004 0.44275546458756243
2 0.794881965415625 0.6357291205624589
2 0.7457067801747403 0.5540852954027118
12 0.7251761342584044 0.6017854281156825
16 0.6389121265044447 0.31781231974266366
2 0.46839491309005843 0.6032243584147594
11 0.4494323591573527 0.20275371786509397
6 0.44197469986622534 0.267316222130354
11 0.7345447557561482 0.42258975697434986
6 0.7063797240776375 0.28964703556688776
1 0.6607992733956036 0.5329093052521011
13 0.34697615666755105 0.3634795570575907
11 0.3953127616068532 0.5004954114849602
9 0.6786974210203035 0.6088980746916628
10 0.6213926387250386 0.7641116226282894
4 0.7194667804982591 0.7514134715986598
7 0.38162540797113903 0.5027584983591911
1 0.4025707161373637 0.4224544158095611
3 0.49172220418607676 0.2599962026711527
16 0.47684357713680786 0.3843987717015642
15 0.3575447845435566 0.5118020237977178
8 0.5959779148417812 0.6074296426944339
6 0.32162127075555297 0.6062946107353154
13 0.5624559170930441 0.6353410759190137
0 0.7495282436122708 0.3701979318900557
11 0.3627303041189208 0.5830786026435952
5 0.7410153721717836 0.6521725365832647
6 0.29417338725905184 0.228294316616031
3 0.39331969312972953 0.24014567275558318
11 0.2948544906005449 0.29641174360743605
2 0.33729556644200454 0.8160146058518101
11 0.5111066375338847 0.7236743221727271
11 0.44896513091009654 0.2216837026461082
11 0.20839637814979786 0.6203292141036729
7 0.276454839072844 0.5226061905766637
5 0.3419319747883991 0.5973698881796332
4 0.5198012835423695 0.5805458717641849
3 0.6419239946612412 0.49621663836600116
10 0.3286319403830168 0.18326661886664533
3 0.5060532010355667 0.44908724914109344
5 0.233973213490782 0.3879010513360589
11 0.7298887448129108 0.39896616614696984
1 0.2512639896547084 0.38711813236758996
2 0.2797824591131581 0.31388060867172496
6 0.5600706601244878 0.36051889108795376
8 0.65392859398635 0.3512439834290844
11 0.2611579976855186 0.2618673898417894
11 0.7300424889953532 0.20319716919519426
12 0.5177635337602009 0.2062522867806326
11 0.3580795708541771 0.4351096303693368
15 0.6557803210953617 0.38517812889334513
7 0.42157865718193566 0.821999486397712
14 0.5352396037518823 0.501011161522404
11 0.5698606647333415 0.8290425471989533
11 0.7984290088565154 0.7960039930735157
4 0.2136879974769674 0.2676267700465642
11 0.39604592864032206 0.38003269601203227
11 0.5917792598326506 0.517247047368183
3 0.3061680913596231 0.4648753427786626
11 0.5738734138299901 0.28151133555597596
2 0.24855677481295546 0.74365110264759
8 0.44887779845131504 0.5005253342668554
11 0.4940705549868612 0.18151636253102424
11 0.3061514124808258 0.5829151786299623
5 0.3389483783512438 0.6746840928234847
11 0.31321283126228605 0.5504687334586963
12 0.578908380374634 0.5500623743624198
8 0.18894631571927661 0.39732052792531913
11 0.22262450825328647 0.3533270307485192
11 0.7773825231626188 0.22583182691476203
1 0.5887378418539768 0.6359419763058352
12 0.3527746240725014 0.37736318875392943
14 0.215789602455921 0.448473611502707
13 0.2940362365042237 0.6901869570470447
13 0.23308897843505394 0.36370104620632526
14 0.758544171348607 0.23301300711437287
8 0.5936838658180424 0.5142896717306908
5 0.45429886095227184 0.7732269337379942
10 0.43177809482063373 0.8008259050706148
10 0.7074884413242248 0.5895571253297929
8 0.3709837650375063 0.38773965780478137
13 0.29421698300355925 0.4393672770324976
7 0.7705567435812948 0.537268231753758
11 0.26020629563903075 0.8044023727527811
11 0.7415479456470153 0.27048804270181404
11 0.4902874983042739 0.2164410014012293
15 0.5078097514653568 0.2241690203513666
0 0.42202103895860343 0.28333752844394483
11 0.5026477015815607 0.557130160733466
1 0.7942940969082166 0.2949598473410495
11 0.4140208153951641 0.768590307008657
11 0.34116184585568066 0.5687898384342489
11 0.5813772641212586 0.6788628926388498
10 0.7629216891843571 0.5636287244466462
1 0.41024077436391826 0.4023475237846314
3 0.4174962386825718 0.4200492679168311
11 0.3574155395620938 0.3063513682892245
2 0.40781376396307184 0.40201300788555416
8 0.4754052006949721 0.5696241575219674
0 0.6151134408232017 0.390321641582132
11 0.7387165473413535 0.5510436332659413
2 0.6334147575323333 0.4739600953396756
5 0.7149298729414479 0.7516453985444025
10 0.7153690310960412 0.31934995683309886
3 0.6978051703800832 0.3593985211032904
8 0.39699359242926224 0.4531003110705363
10 0.3421520592326585 0.3223832660138096
14 0.756894346999629 0.7049470713773798
16 0.6815997061962733 0.40800268329699174
2 0.6463184721377326 0.46554662275015785
11 0.4182493274022491 0.26646407072664424
8 0.6809019338757645 0.8253566905577889
2 0.5286313510211099 0.24086411594825227
11 0.5463264597182917 0.5070895722046697
11 0.5315383863416953 0.36120738653012857
15 0.206871242311103 0.3381544445025721
11 0.6756146871400845 0.6308867429365443
11 0.6812251699957913 0.7304326121642877
0 0.745139747747962 0.6265778012730445
14 0.7355260918287416 0.8132940731478113
7 0.7705936269496403 0.4925013317466987
17 0.2870259401113141 0.44545218742244935
8 0.5375663838729872 0.3631772215173724
7 0.7335221083715469 0.5611732865432119
11 0.46111186473770127 0.6534290632101051
6 0.42236543987279684 0.3578857335804188
10 0.19933044152293689 0.6483140628088109
17 0.289657936227264 0.4014808121172606
0 0.48813718007952894 0.22686486087685842
2 0.44134605164707436 0.34791443665468336
11 0.4236310599138507 0.6765324909157879
16 0.43113643615004194 0.3688620902192504
15 0.5184477509050867 0.825801478098257
11 0.6024457317203886 0.24778841896354142
4 0.30578780200750655 0.660042401847494
8 0.23171212156056087 0.7635338347753184
11 0.7994129833873167 0.7750936764309233
15 0.3383455875362803 0.8095357498451072
4 0.2950730799447672 0.6975185174109368
11 0.45508775900183074 0.2557786008835776
14 0.6728344978224883 0.7564444627271387
12 0.38975848280780534 0.2609526042692966
4 0.7429423562075117 0.8293613470835048
17 0.40264531534020537 0.2148186213615585
5 0.7230486286977715 0.7601113604273793
11 0.4892252420217431 0.26546916244638885
16 0.43019734803577525 0.48912280229363586
17 0.7223790682894524 0.4736520878928609
14 0.6697624840399474 0.32533684750088365
14 0.48923046096209116 0.7114785519480089
14 0.22744543162185993 0.2873878363613712
10 0.3917717523132578 0.5899258689259484
3 0.7070185439203716 0.5236847964475608
11 0.6341093575685692 0.7324113529840841
5 0.5261014076949351 0.7521266480649451
11 0.3227505639451417 0.6156620550103473
8 0.5598778214835377 0.4349601033385065
11 0.5343568596134032 0.7038100014742135
0 0.3728752392134127 0.6358372452980734
9 0.2578080618008458 0.7671884538895264
2 0.5641739186766681 0.5866736786941011
6 0.2610888757476268 0.7785857690648899
0 0.2204318246604117 0.8225004938668863
8 0.4792312556512583 0.20155181305351805
16 0.5845837540198461 0.5652125891986091
6 0.34068670702185055 0.8118335072180312
10 0.4818771401256669 0.47205674631461997
11 0.24895370967859617 0.4842247739233333
9 0.7676360720326223 0.335932205059656
17 0.6713319805431879 0.8220749466427475
16 0.5803374762891653 0.23666072116158
17 0.4874687602532669 0.5895483555677407
13 0.2536347894235407 0.6296215143464239
4 0.3898923461711543 0.6468443327485784
3 0.2519518222816874 0.8162819416842575
16 0.44820069508069077 0.42772819004820706
9 0.6226986558495115 0.5235510274675308
0 0.25452140311899585 0.22128892536117162
9 0.6927275953797429 0.27889976896476
11 0.5267393111774571 0.7177411639451616
12 0.6282283723406454 0.2874480844858877
8 0.6182295292654643 0.7675563381849893
11 0.20676311253961382 0.2529604226943468
8 0.6526035219691266 0.22736068604408885
13 0.4160555429428854 0.7772050695810395
16 0.572293988846075 0.82629328979054
14 0.7788875213800126 0.6214152170824214
0 0.5370474628246551 0.6917000170772869
0 0.23892860947833516 0.601260406461068
11 0.28796857782847646 0.7828651682899588
11 0.7791589356738398 0.3223552355269862
9 0.7952406589287708 0.5472119281776889
11 0.44153769807457743 0.2708982733457297
9 0.7123084321100424 0.366443467145168
16 0.41039928883714594 0.5101151185307877
0 0.4107451601758155 0.5054382610396273
14 0.3837106620899948 0.5426265350783902
0 0.4854522243634475 0.49276883502108815
16 0.35463665194426613 0.6262152635385902
14 0.36621174241694127 0.4735893159159109
14 0.2984018266899525 0.578190339994183
11 0.597928425659169 0.7741413571495777
3 0.7795705567813138 0.2585685680273943
12 0.5724767727512613 0.7411257491002325
11 0.3560632744230827 0.40687833470370227
11 0.2925768435034645 0.48175782528734284
11 0.6109938318220973 0.27206594392716055
0 0.2287131527633987 0.3042601772681224
3 0.6232887336693023 0.6027846227410874
12 0.5955439057479666 0.477408612162816
3 0.21878157363516154 0.7682996530076991
11 0.7863318662256877 0.35797680934479886
3 0.20082510333945144 0.7279386948426387
1 0.5245987939951955 0.5348166751102459
4 0.3215641056355493 0.7665457829417761
17 0.34683777967599216 0.2859680698295636
4 0.7724973468622098 0.2110308125956933
11 0.1981107704682092 0.324695728579855
11 0.5664258152560088 0.7494534921067515
6 0.5862485434147342 0.3715477949716339
6 0.19216449769567268 0.27890005638937426
17 0.5239019442734429 0.765611196305656
15 0.7768746645443272 0.2526678657208371
5 0.5259155044097492 0.18979835482764335
15 0.7903153443615836 0.5053917543523282
8 0.41587653560382076 0.6498838961554648
11 0.6071455506060824 0.44306852757072296
5 0.4034738985694566 0.7105499247220417
11 0.42974544878830256 0.655702253580798
0 0.6677033231346011 0.5672872667173977
5 0.28735113434252135 0.27916290295627677
4 0.7693516496917561 0.7023074733763952
12 0.5625901251858241 0.41290274796887416
11 0.303625868784316 0.23454360159709148
0 0.358661181765432 0.43594743594194607
12 0.6125010143677843 0.3562984407979611
9 0.24434847090078085 0.8193557290729248
13 0.4015691180322314 0.27545537011859766
11 0.30444408218846086 0.6540308825738359
10 0.32577007015083914 0.4389550139421782
12 0.7865071000575761 0.3456874093974364
8 0.282423559905551 0.7531380888325114
11 0.4599053935843782 0.45770175631622784
14 0.6566008111089918 0.4388264589061871
14 0.1915269549601632 0.8290370287492588
5 0.751944322266294 0.6537864956559221
9 0.622802978971136 0.31074146929920865
3 0.6748903970725464 0.6407892145305243
4 0.508145990878485 0.22063616749182052
11 0.21533984257473354 0.7285613143906304
4 0.6739672518007098 0.44177116682039963
11 0.4140667171837191 0.18454255108032253
3 0.7674068891457093 0.7492760445812063
11 0.5121056888544926 0.5281910124826804
1 0.643710837399852 0.6013950982778453
5 0.41162436143728165 0.2778889977309627
9 0.7984806828745774 0.6394817577508581
10 0.5728991619517831 0.18616703723975045
4 0.2844266178126279 0.26472979263992735
16 0.40912940271097853 0.38415596997296453
11 0.6252104342520937 0.2727528892544812
12 0.6119022495609927 0.7188714644683862
2 0.2164257566130977 0.25978072754303216
11 0.24352951719506954 0.7918891635028906
16 0.6749208712654172 0.3838670460143061
16 0.20489826094771615 0.6856218350959007
12 0.693809891048109 0.44568078711532066
14 0.5588106022050994 0.3640889537940873
3 0.7758576474628598 0.6885625293648618
12 0.30853219167629814 0.2534687921637203
9 0.3661599610056571 0.61471365263811
11 0.50394435913379 0.5933189515304802
3 0.39622191162633347 0.3305263551838286
11 0.28925926676825275 0.404610586990661
6 0.6535015717596919 0.22005120979282727
11 0.23429619204368915 0.5223267554055212
13 0.2622818660362185 0.3947130398626374
16 0.3261826673338681 0.18196909286118568
5 0.512654108817914 0.5174400627728314
2 0.751470618539045 0.5019102724760363
11 0.7077102798281845 0.42174266428087703
10 0.565015992053088 0.2470046087952953
4 0.48786244681107394 0.48513500245749064
9 0.56302217201929 0.32358466937576563
3 0.2876726242541312 0.5794109463080395
1 0.28655522581916093 0.32464706834722
15 0.5150877726404278 0.21543518683530372
6 0.5296095750109605 0.24560581995979192
15 0.19794265663171942 0.44814515220888296
2 0.5074104565252645 0.4392791987988955
16 0.8021905172173673 0.2083764760657757
14 0.6357323083881556 0.5550261360275299
11 0.4348944821877148 0.5349204800383407
2 0.6184049131741491 0.3620535919931734
14 0.44250967508685357 0.8077576414391243
11 0.3603584315253687 0.686990758234987
4 0.33746438333107276 0.4062155970866813
12 0.19667044656273838 0.3280746915807288
5 0.3054917453374301 0.3151750928401766
11 0.2764847203577478 0.3893546510125342
11 0.2525218061743446 0.5324368988311365
11 0.6103519805288353 0.37747280105139835
16 0.23090561190411574 0.2598750513819687
11 0.19318682619182917 0.36814050533726167
15 0.6019917060448843 0.7564752079402783
14 0.571736604902578 0.40098574579158475
11 0.4663396216017688 0.38748743082435266
5 0.4224040535359749 0.6642865331872092
15 0.34159724763398763 0.197023093547942
2 0.3252448790115836 0.5258770110780877
3 0.7705599821083067 0.6466846569138915
15 0.5578228105108824 0.39066532796779985
11 0.6602308907281271 0.3005505889459489
7 0.2903587742958488 0.33711805199432754
7 0.6390721869544035 0.23417732413832315
11 0.8044478981689096 0.6655109382846942
5 0.7819960615631012 0.531900697657629
12 0.5101827571119739 0.8072945131444014
11 0.5578189938055331 0.22002605869130842
3 0.5549564639997178 0.35445467138223063
5 0.6731312572675032 0.4783529444011975
3 0.6186143640459171 0.5847600964416304
1 0.6405402187433393 0.7915960426372692
17 0.7950797055394472 0.4740875093105252
11 0.2944388756001669 0.7908612028746989
4 0.1934663667473593 0.6186183856074129
11 0.5692326804248213 0.6160487258806939
11 0.4031400254579855 0.6757883059814469
1 0.63076508267428 0.7647036078775318
14 0.7521729086042221 0.6207653721958863
1 0.5892783517384955 0.7687046028624087
2 0.6442673282861145 0.728990883924522
5 0.769120143976668 0.3039180499759493
10 0.30421819737805317 0.3656581156981966
12 0.37786250727642146 0.19095811424651427
6 0.20614334429170528 0.5277502748283789
0 0.27049053218657504 0.48607278295696077
15 0.5495202315291905 0.7370496947598604
17 0.7856795392717115 0.4457456419313511
7 0.3252273685053493 0.782716808599637
10 0.7982012905681064 0.36662501322938235
11 0.6566950346766284 0.2458590384901148
11 0.6395809131984596 0.5407867175071467
4 0.18919425772482498 0.20417987655851327
2 0.5025908443221221 0.21202721725742202
1 0.4890141889070587 0.5087990233377904
3 0.7069794260378792 0.5655140457079235
13 0.6208821263075994 0.7914678307041141
8 0.7495426999336416 0.6515431015832385
6 0.4874205464109124 0.43932133496290016
12 0.5263101747745984 0.45343041469724915
13 0.24298582361593812 0.40981185351193905
11 0.4774980041570372 0.4395852962164573
0 0.39342785661764657 0.7897923477483799
1 0.5130933078576145 0.5548577232374382
16 0.5851375855226782 0.24257087434071206
1 0.5490740284914221 0.2469767319550602
11 0.3840201564907816 0.426316755046365
6 0.2943287570375199 0.4369364661860924
13 0.3191062364595758 0.7584074734824107
11 0.482728801919143 0.5042242334527538
13 0.3180226067228525 0.43360528994535963
6 0.43233837968132405 0.31403994857749407
11 0.33218572862501283 0.4164743746798124
10 0.359931248168869 0.3892344006540523
5 0.3573283253220393 0.36504805333413126
11 0.6519037516562602 0.5475463730652264
11 0.7506978877002604 0.4126210750412095
17 0.48140540741000976 0.6512842385341095
15 0.20610865530281397 0.45358835323570385
6 0.18815929611263263 0.6843883941639248
1 0.20062770479004247 0.6782039920081429
5 0.7623173239858547 0.7391229274785689
5 0.5401227417438237 0.29201966776372096
11 0.4699054602094513 0.31872778579970934
12 0.33722750007682734 0.5396305385075368
17 0.7757145606923217 0.4223650632715323
0 0.4732109680041153 0.30095286379061215
5 0.6279752159436227 0.3124297696285364
1 0.30592299910788445 0.6592279764503378
12 0.27296880492268716 0.611682674991997
11 0.4989801865143705 0.7307078213864744
6 0.5536827451908463 0.4652239436440558
1 0.5291085417799712 0.43324068910428776
11 0.7818003414273136 0.20211961285216917
16 0.7412602471180982 0.27774499040847467
3 0.4533317483386612 0.31951701198044913
6 0.7898956138949431 0.8323839937467838
3 0.39235612395149966 0.26958899340789555
11 0.555296935864555 0.4708986163824841
15 0.20075968850879453 0.8206025473853005
13 0.58434936403924 0.6672967869665063
13 0.5470580272032419 0.3839264660851951
11 0.7363138721882347 0.6315302893377099
15 0.7093350090011679 0.8043390833220168
9 0.606179155017347 0.5019527885882379
12 0.5819421444413089 0.6503618905722826
11 0.48450618557734354 0.3199284227913155
11 0.4372553708319414 0.7017654815751113
14 0.6774404662442455 0.5675142194859903
9 0.37886142930396804 0.43624293486787485
11 0.5712266467772924 0.2655337132763069
9 0.6706168733460792 0.5873205260200877
12 0.7074929937905325 0.7062264282470314
15 0.7691743145165177 0.54946893438451
0 0.2244600887422665 0.7648759281633217
10 0.6575872011319512 0.7225042575864224
10 0.3025036802657387 0.7587884894856962
11 0.7458420982318297 0.8033834659826669
11 0.7220021875177636 0.6057526962500823
10 0.2516576610300905 0.5228824298374104
10 0.21169646869598568 0.6235634131308057
10 0.5746204735953411 0.7124988339870111
5 0.4318581436834098 0.3911102721470342
5 0.7079728264608731 0.5145834006424781
11 0.3064443233441083 0.6828647341693321
1 0.29060209867967923 0.7953187766303622
11 0.771631766208146 0.6082630255575443
17 0.6057254048920355 0.27444416254611914
10 0.6744479317233594 0.19482503422562447
13 0.5096776041069219 0.8196253331941161
1 0.72560376976938 0.5987130622941649
8 0.6954517048877975 0.5056428519971341
17 0.21636530698136341 0.539544114314592
14 0.28960155053413295 0.6157869600282092
2 0.31746317904553134 0.18321420835029803
1 0.7513133119892217 0.6131162549506897
11 0.25333047379989093 0.8129016536671043
12 0.5138863952832972 0.7713688575220559
2 0.24805667345525995 0.6441640649559741
11 0.6835444946854408 0.2565713812293898
11 0.43190871820850196 0.8060229508506209
3 0.43239455434346247 0.683311816472052
5 0.498443824615985 0.6265072509312168
9 0.41420381066717127 0.4830205994092215
1 0.3008184881956915 0.4936410197574509
15 0.46281888094273094 0.7341376910912931
1 0.23544956117333282 0.2837873565576353
12 0.5832813259127667 0.20375588925908603
2 0.3293217559748296 0.31227923231921834
6 0.4305774652964207 0.5269302051198017
1 0.2763461973155252 0.4292962090872856
11 0.7494178030626089 0.24224512148852
2 0.6137863540029411 0.8046755085768673
3 0.48542103497739597 0.27152082364158464
11 0.261728177307724 0.5657804500614632
11 0.5483302321605705 0.6127450013423139
1 0.6129878604059669 0.36985441082440107
0 0.3556332185768477 0.19037300588344538
13 0.7464153208463722 0.48209441029607075
17 0.7819310987617343 0.3223690061241391
5 0.31977261619104025 0.4523320319403854
12 0.7820792123947744 0.7989634224837032
0 0.1963297064914878 0.48902483451477347
10 0.33056984127336697 0.677071966881062
4 0.3437575093577392 0.2853066457808099
3 0.6318650149432364 0.5590115695943976
17 0.49722464407645667 0.7450450397859127
16 0.37174849143709787 0.19613295584259138
6 0.3864947074306142 0.6264407650872376
4 0.6346793145612377 0.6047608456088784
16 0.7750828566529542 0.2857422251849752
5 0.3746867944485419 0.6959816400138323
11 0.6845934546782165 0.23094570158719743
11 0.7582259840768337 0.3277684440675894
5 0.23487863840750875 0.44530659795377336
9 0.7501319195661884 0.5869992550124559
8 0.6537975741177111 0.26294302747546494
13 0.622163550646766 0.36581167884067856
1 0.6231117549487641 0.5709321393468865
8 0.6382928376956976 0.4856569129627962
8 0.2357040810176671 0.715785668028571
9 0.7725497989071961 0.36705619754601426
5 0.3088105764147261 0.8236385862118083
16 0.46586472375738774 0.7713107049515044
15 0.34123986670504813 0.45662495127954733
8 0.3233061634235197 0.5777458496996037
5 0.5353337687725088 0.2923358534156506
11 0.5336043345638486 0.2174059114375918
14 0.7917651298112844 0.2865734456308254
11 0.20975262588474186 0.818020790277566
16 0.709841827010498 0.325066316193134
8 0.6344538048346633 0.426225895649551
2 0.4876617103454979 0.7474799191513399
11 0.4599113194798503 0.3526058666228146
5 0.5041873245962971 0.32633085456995037
11 0.2994153766934364 0.7490652169878784
3 0.36639323962854997 0.2601273567269046
5 0.4198983149383567 0.3702668239779128
11 0.7619216548778129 0.8140086439258412
17 0.6576694308552344 0.48191302754020193
0 0.6044553227905693 0.6455373242148084
13 0.527229936185446 0.517825559202536
14 0.30017983683416904 0.6588054542264009
14 0.40732163287464396 0.5158742160466632
0 0.3434818415663299 0.5143756275346941
5 0.6754611195271432 0.6558096860139335
11 0.6686661097065411 0.3659951531414856
5 0.7761737348501361 0.6962007503614109
14 0.3481288677599629 0.20069604183839265
2 0.24733642116793647 0.2594424591025734
5 0.2092132462441445 0.6041908639747252
8 0.5458509206068204 0.38982808502949773
11 0.5132511597162085 0.3548750786323042
14 0.7257631551206662 0.43858724431434265
7 0.2837284028825725 0.3435627794557712
9 0.6496476438842811 0.7970904042614684
1 0.3462715940396073 0.5954780041467465
6 0.21449820959891822 0.6743808597436989
16 0.3830313402894927 0.43279263631448556
5 0.34361842322701724 0.5348990499279147
